作业等待调度
----------------------------------------------------
作业号         用户名              进程号       估计时间            截止时间            所需内存        进入系统时间        开始运行时间            内存地址
1      zhangying                   0              0                   0                  18                 100                   0                   0
2      zhangying                   0              0                   0                  22                 150                   0                   0
3      zhangying                   0              0                   0                  24                 200                   0                   0
4      zhangying                   0              0                   0                  22                 250                   0                   0
5      zhangying                   0              0                   0                  22                 300                   0                   0
6      zhangying                   0              0                   0                  22                 350                   0                   0
7      zhangying                   0              0                   0                  17                 400                   0                   0
8      zhangying                   0              0                   0                  22                 450                   0                   0
9      zhangying                   0              0                   0                  19                 500                   0                   0
10      zhangying                   0              0                   0                  24                 550                   0                   0

作业初次调度后
----------------------------------------------------
作业号         用户名              进程号       估计时间            截止时间            所需内存        进入系统时间        开始运行时间            内存地址
1      zhangying                   1              0                   0                  18                 100                 110                   0
2      zhangying                   2              0                   0                  22                 150                 160                   0
3      zhangying                   3              0                   0                  24                 200                 210                   0
4      zhangying                   4              0                   0                  22                 250                 260                   0
5      zhangying                   5              0                   0                  22                 300                 310                   0
6      zhangying                   6              0                   0                  22                 350                 360                   0
7      zhangying                   0              0                   0                  17                 400                   0                   0
8      zhangying                   0              0                   0                  22                 450                   0                   0
9      zhangying                   0              0                   0                  19                 500                   0                   0
10      zhangying                   0              0                   0                  24                 550                   0                   0

作业全部运行完成后
----------------------------------------------------
作业号         用户名              进程号       估计时间            截止时间            所需内存        进入系统时间        开始运行时间            内存地址
1      zhangying                   1              0                   0                  18                 100                 110                   0
2      zhangying                   2              0                   0                  22                 150                 160                   0
3      zhangying                   3              0                   0                  24                 200                 210                   0
4      zhangying                   4              0                   0                  22                 250                 260                   0
5      zhangying                   5              0                   0                  22                 300                 310                   0
6      zhangying                   6              0                   0                  22                 350                 360                   0
7      zhangying                   7              0                   0                  17                 400                 410                   0
8      zhangying                   8              0                   0                  22                 450                 460                   0
9      zhangying                   9              0                   0                  19                 500                 510                   0
10      zhangying                  10              0                   0                  24                 550                 560                   0

