ProID          JobId        InTimes       ProState        RunTime     InstrucNum            PSW     Instruc_ID       Instruc_State   Instruc_Times(ms)        Instruc_Addr
1              1             10              2            620             18                19              1              1             10                     1045
                                                                                                            2              2             50                     2133
                                                                                                            3              2             50                     3763
                                                                                                            4              2             50                     4184
                                                                                                            5              2             50                     5582
                                                                                                            6              1             20                     6914
                                                                                                            7              1             30                     7767
                                                                                                            8              1             10                     8810
                                                                                                            9              2             50                     9569
                                                                                                           10              2             50                    10814
                                                                                                           11              1             10                    11916
                                                                                                           12              2             50                    12854
                                                                                                           13              1             20                    13825
                                                                                                           14              1             40                    14000
                                                                                                           15              1             20                    15714
                                                                                                           16              1             40                    16315
                                                                                                           17              1             40                    17199
                                                                                                           18              1             30                    18950
2              2             10              2            750             22                23              1              1             10                     1696
                                                                                                            2              1             10                     2961
                                                                                                            3              1             20                     3376
                                                                                                            4              2             50                     4614
                                                                                                            5              1             20                     5976
                                                                                                            6              2             50                     6119
                                                                                                            7              1             10                     7689
                                                                                                            8              2             50                     8448
                                                                                                            9              1             30                     9481
                                                                                                           10              1             20                    10187
                                                                                                           11              2             50                    11318
                                                                                                           12              1             40                    12626
                                                                                                           13              2             50                    13390
                                                                                                           14              2             50                    14607
                                                                                                           15              1             30                    15034
                                                                                                           16              2             50                    16045
                                                                                                           17              1             10                    17042
                                                                                                           18              2             50                    18050
                                                                                                           19              2             50                    19296
                                                                                                           20              1             40                    20176
                                                                                                           21              2             50                    21406
                                                                                                           22              1             10                    22457
3              3             10              2            830             24                25              1              1             30                     1002
                                                                                                            2              1             20                     2425
                                                                                                            3              1             20                     3747
                                                                                                            4              2             50                     4992
                                                                                                            5              1             40                     5874
                                                                                                            6              2             50                     6586
                                                                                                            7              1             20                     7509
                                                                                                            8              1             20                     8012
                                                                                                            9              1             40                     9176
                                                                                                           10              2             50                    10708
                                                                                                           11              1             40                    11303
                                                                                                           12              2             50                    12273
                                                                                                           13              2             50                    13629
                                                                                                           14              1             10                    14256
                                                                                                           15              1             30                    15043
                                                                                                           16              1             10                    16546
                                                                                                           17              1             40                    17071
                                                                                                           18              1             20                    18625
                                                                                                           19              2             50                    19006
                                                                                                           20              1             30                    20150
                                                                                                           21              2             50                    21860
                                                                                                           22              2             50                    22468
                                                                                                           23              1             40                    23465
                                                                                                           24              1             20                    24945
4              4             10              2            820             22                23              1              2             50                     1532
                                                                                                            2              2             50                     2318
                                                                                                            3              2             50                     3486
                                                                                                            4              1             30                     4950
                                                                                                            5              1             20                     5456
                                                                                                            6              1             30                     6990
                                                                                                            7              1             10                     7855
                                                                                                            8              2             50                     8102
                                                                                                            9              1             10                     9013
                                                                                                           10              1             30                    10514
                                                                                                           11              2             50                    11447
                                                                                                           12              1             40                    12283
                                                                                                           13              2             50                    13864
                                                                                                           14              2             50                    14107
                                                                                                           15              2             50                    15515
                                                                                                           16              2             50                    16927
                                                                                                           17              1             20                    17333
                                                                                                           18              2             50                    18254
                                                                                                           19              1             30                    19396
                                                                                                           20              1             30                    20461
                                                                                                           21              1             20                    21846
                                                                                                           22              2             50                    22689
5              5             10              2            820             22                23              1              1             20                     1296
                                                                                                            2              1             30                     2516
                                                                                                            3              1             40                     3122
                                                                                                            4              1             20                     4951
                                                                                                            5              2             50                     5134
                                                                                                            6              2             50                     6559
                                                                                                            7              1             30                     7107
                                                                                                            8              1             10                     8433
                                                                                                            9              2             50                     9705
                                                                                                           10              1             30                    10441
                                                                                                           11              1             20                    11271
                                                                                                           12              1             20                    12778
                                                                                                           13              2             50                    13688
                                                                                                           14              2             50                    14197
                                                                                                           15              2             50                    15886
                                                                                                           16              1             40                    16171
                                                                                                           17              2             50                    17788
                                                                                                           18              2             50                    18709
                                                                                                           19              2             50                    19963
                                                                                                           20              1             40                    20662
                                                                                                           21              1             20                    21670
                                                                                                           22              2             50                    22700
6              6             10              2            880             22                23              1              1             30                     1236
                                                                                                            2              2             50                     2474
                                                                                                            3              2             50                     3827
                                                                                                            4              2             50                     4137
                                                                                                            5              2             50                     5832
                                                                                                            6              2             50                     6843
                                                                                                            7              1             10                     7808
                                                                                                            8              1             10                     8921
                                                                                                            9              2             50                     9522
                                                                                                           10              2             50                    10135
                                                                                                           11              2             50                    11515
                                                                                                           12              2             50                    12126
                                                                                                           13              1             30                    13616
                                                                                                           14              1             30                    14005
                                                                                                           15              2             50                    15718
                                                                                                           16              1             20                    16104
                                                                                                           17              1             20                    17446
                                                                                                           18              2             50                    18841
                                                                                                           19              2             50                    19128
                                                                                                           20              2             50                    20180
                                                                                                           21              1             30                    21107
                                                                                                           22              2             50                    22587
7              7             10              2            660             17                18              1              2             50                     1467
                                                                                                            2              1             10                     2169
                                                                                                            3              1             30                     3358
                                                                                                            4              1             10                     4705
                                                                                                            5              2             50                     5281
                                                                                                            6              2             50                     6961
                                                                                                            7              2             50                     7995
                                                                                                            8              1             40                     8436
                                                                                                            9              2             50                     9604
                                                                                                           10              1             20                    10292
                                                                                                           11              1             20                    11716
                                                                                                           12              1             40                    12447
                                                                                                           13              1             40                    13538
                                                                                                           14              2             50                    14912
                                                                                                           15              2             50                    15299
                                                                                                           16              2             50                    16894
                                                                                                           17              2             50                    17811
8              8             10              2            780             22                23              1              1             20                     1673
                                                                                                            2              1             20                     2711
                                                                                                            3              2             50                     3868
                                                                                                            4              2             50                     4644
                                                                                                            5              1             20                     5037
                                                                                                            6              2             50                     6723
                                                                                                            7              2             50                     7529
                                                                                                            8              1             10                     8035
                                                                                                            9              1             30                     9288
                                                                                                           10              1             10                    10942
                                                                                                           11              1             10                    11446
                                                                                                           12              2             50                    12890
                                                                                                           13              2             50                    13370
                                                                                                           14              1             30                    14101
                                                                                                           15              2             50                    15548
                                                                                                           16              2             50                    16623
                                                                                                           17              1             30                    17756
                                                                                                           18              1             30                    18376
                                                                                                           19              2             50                    19308
                                                                                                           20              1             40                    20626
                                                                                                           21              2             50                    21537
                                                                                                           22              1             30                    22082
9              9             10              2            800             19                20              1              2             50                     1541
                                                                                                            2              2             50                     2115
                                                                                                            3              2             50                     3658
                                                                                                            4              1             30                     4977
                                                                                                            5              1             20                     5386
                                                                                                            6              2             50                     6745
                                                                                                            7              1             10                     7270
                                                                                                            8              2             50                     8777
                                                                                                            9              2             50                     9097
                                                                                                           10              1             30                    10290
                                                                                                           11              2             50                    11636
                                                                                                           12              2             50                    12767
                                                                                                           13              2             50                    13574
                                                                                                           14              2             50                    14052
                                                                                                           15              1             30                    15941
                                                                                                           16              1             30                    16430
                                                                                                           17              2             50                    17191
                                                                                                           18              2             50                    18337
                                                                                                           19              2             50                    19287
10             10             10              2           1000             24                25              1              2             50                     1383
                                                                                                            2              2             50                     2909
                                                                                                            3              2             50                     3758
                                                                                                            4              2             50                     4588
                                                                                                            5              1             30                     5506
                                                                                                            6              1             20                     6168
                                                                                                            7              1             40                     7762
                                                                                                            8              2             50                     8410
                                                                                                            9              2             50                     9624
                                                                                                           10              2             50                    10548
                                                                                                           11              2             50                    11595
                                                                                                           12              2             50                    12602
                                                                                                           13              1             40                    13836
                                                                                                           14              1             10                    14596
                                                                                                           15              2             50                    15348
                                                                                                           16              2             50                    16668
                                                                                                           17              1             20                    17734
                                                                                                           18              2             50                    18999
                                                                                                           19              1             30                    19900
                                                                                                           20              1             40                    20467
                                                                                                           21              1             20                    21648
                                                                                                           22              2             50                    22807
                                                                                                           23              2             50                    23310
                                                                                                           24              2             50                    24813