ProID          JobId        InTimes       ProState        RunTime     InstrucNum            PSW     Instruc_ID       Instruc_State   Instruc_Times(ms)        Instruc_Addr
1              1             10              1              0             18                 1              1              1             10                     1045
                                                                                                            2              2             50                     2133
                                                                                                            3              2             50                     3763
                                                                                                            4              2             50                     4184
                                                                                                            5              2             50                     5582
                                                                                                            6              1             20                     6914
                                                                                                            7              1             30                     7767
                                                                                                            8              1             10                     8810
                                                                                                            9              2             50                     9569
                                                                                                           10              2             50                    10814
                                                                                                           11              1             10                    11916
                                                                                                           12              2             50                    12854
                                                                                                           13              1             20                    13825
                                                                                                           14              1             40                    14000
                                                                                                           15              1             20                    15714
                                                                                                           16              1             40                    16315
                                                                                                           17              1             40                    17199
                                                                                                           18              1             30                    18950
2              2             10              1              0             22                 1              1              1             10                     1696
                                                                                                            2              1             10                     2961
                                                                                                            3              1             20                     3376
                                                                                                            4              2             50                     4614
                                                                                                            5              1             20                     5976
                                                                                                            6              2             50                     6119
                                                                                                            7              1             10                     7689
                                                                                                            8              2             50                     8448
                                                                                                            9              1             30                     9481
                                                                                                           10              1             20                    10187
                                                                                                           11              2             50                    11318
                                                                                                           12              1             40                    12626
                                                                                                           13              2             50                    13390
                                                                                                           14              2             50                    14607
                                                                                                           15              1             30                    15034
                                                                                                           16              2             50                    16045
                                                                                                           17              1             10                    17042
                                                                                                           18              2             50                    18050
                                                                                                           19              2             50                    19296
                                                                                                           20              1             40                    20176
                                                                                                           21              2             50                    21406
                                                                                                           22              1             10                    22457
3              3             10              1              0             24                 1              1              1             30                     1002
                                                                                                            2              1             20                     2425
                                                                                                            3              1             20                     3747
                                                                                                            4              2             50                     4992
                                                                                                            5              1             40                     5874
                                                                                                            6              2             50                     6586
                                                                                                            7              1             20                     7509
                                                                                                            8              1             20                     8012
                                                                                                            9              1             40                     9176
                                                                                                           10              2             50                    10708
                                                                                                           11              1             40                    11303
                                                                                                           12              2             50                    12273
                                                                                                           13              2             50                    13629
                                                                                                           14              1             10                    14256
                                                                                                           15              1             30                    15043
                                                                                                           16              1             10                    16546
                                                                                                           17              1             40                    17071
                                                                                                           18              1             20                    18625
                                                                                                           19              2             50                    19006
                                                                                                           20              1             30                    20150
                                                                                                           21              2             50                    21860
                                                                                                           22              2             50                    22468
                                                                                                           23              1             40                    23465
                                                                                                           24              1             20                    24945
4              4             10              1              0             22                 1              1              2             50                     1532
                                                                                                            2              2             50                     2318
                                                                                                            3              2             50                     3486
                                                                                                            4              1             30                     4950
                                                                                                            5              1             20                     5456
                                                                                                            6              1             30                     6990
                                                                                                            7              1             10                     7855
                                                                                                            8              2             50                     8102
                                                                                                            9              1             10                     9013
                                                                                                           10              1             30                    10514
                                                                                                           11              2             50                    11447
                                                                                                           12              1             40                    12283
                                                                                                           13              2             50                    13864
                                                                                                           14              2             50                    14107
                                                                                                           15              2             50                    15515
                                                                                                           16              2             50                    16927
                                                                                                           17              1             20                    17333
                                                                                                           18              2             50                    18254
                                                                                                           19              1             30                    19396
                                                                                                           20              1             30                    20461
                                                                                                           21              1             20                    21846
                                                                                                           22              2             50                    22689
5              5             10              1              0             22                 1              1              1             20                     1296
                                                                                                            2              1             30                     2516
                                                                                                            3              1             40                     3122
                                                                                                            4              1             20                     4951
                                                                                                            5              2             50                     5134
                                                                                                            6              2             50                     6559
                                                                                                            7              1             30                     7107
                                                                                                            8              1             10                     8433
                                                                                                            9              2             50                     9705
                                                                                                           10              1             30                    10441
                                                                                                           11              1             20                    11271
                                                                                                           12              1             20                    12778
                                                                                                           13              2             50                    13688
                                                                                                           14              2             50                    14197
                                                                                                           15              2             50                    15886
                                                                                                           16              1             40                    16171
                                                                                                           17              2             50                    17788
                                                                                                           18              2             50                    18709
                                                                                                           19              2             50                    19963
                                                                                                           20              1             40                    20662
                                                                                                           21              1             20                    21670
                                                                                                           22              2             50                    22700
6              6             10              1              0             22                 1              1              1             30                     1236
                                                                                                            2              2             50                     2474
                                                                                                            3              2             50                     3827
                                                                                                            4              2             50                     4137
                                                                                                            5              2             50                     5832
                                                                                                            6              2             50                     6843
                                                                                                            7              1             10                     7808
                                                                                                            8              1             10                     8921
                                                                                                            9              2             50                     9522
                                                                                                           10              2             50                    10135
                                                                                                           11              2             50                    11515
                                                                                                           12              2             50                    12126
                                                                                                           13              1             30                    13616
                                                                                                           14              1             30                    14005
                                                                                                           15              2             50                    15718
                                                                                                           16              1             20                    16104
                                                                                                           17              1             20                    17446
                                                                                                           18              2             50                    18841
                                                                                                           19              2             50                    19128
                                                                                                           20              2             50                    20180
                                                                                                           21              1             30                    21107
                                                                                                           22              2             50                    22587