PageId        BlockId          Dwell        Yinyong         Modifi
0             30              1              0              0             
1             31              1              0              0             
2             32              1              0              0             
3             33              1              0              0             
4             34              1              0              0             
5             35              1              0              0             
6             36              1              0              0             
7             37              1              0              0             
8             38              1              0              0             
9             39              1              0              0             
10             40              1              0              0             
11             41              1              0              0             
12             42              1              0              0             
13             43              1              0              0             
14             44              1              0              0             
15             45              1              0              0             
16             46              1              0              0             
17             47              1              0              0             
18             53              1              0              0             
19             40              1              0              0             
20             27              1              0              0             
21             14              1              0              0             
22              1              1              0              0             
23             88              1              0              0