作业还未进入内存时内存情况
-----------------------------------------------------------------
剩余空间（块）：100
已用空间（块）：0
内存物理块情况（第一个数：0为空闲，1为占用;第二个数：-1表示未分配给任何进程，其他数字表示占有改块的进程ID）:
0(0,-1)    1(0,-1)    2(0,-1)    3(0,-1)    4(0,-1)    5(0,-1)    6(0,-1)    7(0,-1)    8(0,-1)    9(0,-1)    
10(0,-1)    11(0,-1)    12(0,-1)    13(0,-1)    14(0,-1)    15(0,-1)    16(0,-1)    17(0,-1)    18(0,-1)    19(0,-1)    
20(0,-1)    21(0,-1)    22(0,-1)    23(0,-1)    24(0,-1)    25(0,-1)    26(0,-1)    27(0,-1)    28(0,-1)    29(0,-1)    
30(0,-1)    31(0,-1)    32(0,-1)    33(0,-1)    34(0,-1)    35(0,-1)    36(0,-1)    37(0,-1)    38(0,-1)    39(0,-1)    
40(0,-1)    41(0,-1)    42(0,-1)    43(0,-1)    44(0,-1)    45(0,-1)    46(0,-1)    47(0,-1)    48(0,-1)    49(0,-1)    
50(0,-1)    51(0,-1)    52(0,-1)    53(0,-1)    54(0,-1)    55(0,-1)    56(0,-1)    57(0,-1)    58(0,-1)    59(0,-1)    
60(0,-1)    61(0,-1)    62(0,-1)    63(0,-1)    64(0,-1)    65(0,-1)    66(0,-1)    67(0,-1)    68(0,-1)    69(0,-1)    
70(0,-1)    71(0,-1)    72(0,-1)    73(0,-1)    74(0,-1)    75(0,-1)    76(0,-1)    77(0,-1)    78(0,-1)    79(0,-1)    
80(0,-1)    81(0,-1)    82(0,-1)    83(0,-1)    84(0,-1)    85(0,-1)    86(0,-1)    87(0,-1)    88(0,-1)    89(0,-1)    
90(0,-1)    91(0,-1)    92(0,-1)    93(0,-1)    94(0,-1)    95(0,-1)    96(0,-1)    97(0,-1)    98(0,-1)    99(0,-1)    

作业初次调度后的内存情况
-----------------------------------------------------------------
剩余空间（块）：0
已用空间（块）：100
内存物理块情况（第一个数：0为空闲，1为占用;第二个数：-1表示未分配给任何进程，其他数字表示占有改块的进程ID）:
0(1,1)    1(1,1)    2(1,1)    3(1,1)    4(1,1)    5(1,1)    6(1,1)    7(1,1)    8(1,1)    9(1,1)    
10(1,1)    11(1,1)    12(1,1)    13(1,2)    14(1,2)    15(1,2)    16(1,2)    17(1,2)    18(1,2)    19(1,2)    
20(1,2)    21(1,2)    22(1,2)    23(1,2)    24(1,2)    25(1,2)    26(1,2)    27(1,2)    28(1,2)    29(1,2)    
30(1,3)    31(1,3)    32(1,3)    33(1,3)    34(1,3)    35(1,3)    36(1,3)    37(1,3)    38(1,3)    39(1,3)    
40(1,3)    41(1,3)    42(1,3)    43(1,3)    44(1,3)    45(1,3)    46(1,3)    47(1,3)    48(1,3)    49(1,4)    
50(1,4)    51(1,4)    52(1,4)    53(1,4)    54(1,4)    55(1,4)    56(1,4)    57(1,4)    58(1,4)    59(1,4)    
60(1,4)    61(1,4)    62(1,4)    63(1,4)    64(1,4)    65(1,4)    66(1,5)    67(1,5)    68(1,5)    69(1,5)    
70(1,5)    71(1,5)    72(1,5)    73(1,5)    74(1,5)    75(1,5)    76(1,5)    77(1,5)    78(1,5)    79(1,5)    
80(1,5)    81(1,5)    82(1,5)    83(1,6)    84(1,6)    85(1,6)    86(1,6)    87(1,6)    88(1,6)    89(1,6)    
90(1,6)    91(1,6)    92(1,6)    93(1,6)    94(1,6)    95(1,6)    96(1,6)    97(1,6)    98(1,6)    99(1,6)    

作业1运行完成时内存状况
-----------------------------------------------------------------
剩余空间（块）：13
已用空间（块）：87
内存物理块情况（第一个数：0为空闲，1为占用;第二个数：-1表示未分配给任何进程，其他数字表示占有改块的进程ID）:
0(0,-1)    1(0,-1)    2(0,-1)    3(0,-1)    4(0,-1)    5(0,-1)    6(0,-1)    7(0,-1)    8(0,-1)    9(0,-1)    
10(0,-1)    11(0,-1)    12(0,-1)    13(1,2)    14(1,2)    15(1,2)    16(1,2)    17(1,2)    18(1,2)    19(1,2)    
20(1,2)    21(1,2)    22(1,2)    23(1,2)    24(1,2)    25(1,2)    26(1,2)    27(1,2)    28(1,2)    29(1,2)    
30(1,3)    31(1,3)    32(1,3)    33(1,3)    34(1,3)    35(1,3)    36(1,3)    37(1,3)    38(1,3)    39(1,3)    
40(1,3)    41(1,3)    42(1,3)    43(1,3)    44(1,3)    45(1,3)    46(1,3)    47(1,3)    48(1,3)    49(1,4)    
50(1,4)    51(1,4)    52(1,4)    53(1,4)    54(1,4)    55(1,4)    56(1,4)    57(1,4)    58(1,4)    59(1,4)    
60(1,4)    61(1,4)    62(1,4)    63(1,4)    64(1,4)    65(1,4)    66(1,5)    67(1,5)    68(1,5)    69(1,5)    
70(1,5)    71(1,5)    72(1,5)    73(1,5)    74(1,5)    75(1,5)    76(1,5)    77(1,5)    78(1,5)    79(1,5)    
80(1,5)    81(1,5)    82(1,5)    83(1,6)    84(1,6)    85(1,6)    86(1,6)    87(1,6)    88(1,6)    89(1,6)    
90(1,6)    91(1,6)    92(1,6)    93(1,6)    94(1,6)    95(1,6)    96(1,6)    97(1,6)    98(1,6)    99(1,6)    

作业2运行完成时内存状况
-----------------------------------------------------------------
剩余空间（块）：18
已用空间（块）：82
内存物理块情况（第一个数：0为空闲，1为占用;第二个数：-1表示未分配给任何进程，其他数字表示占有改块的进程ID）:
0(1,7)    1(1,7)    2(1,7)    3(1,7)    4(1,7)    5(1,7)    6(1,7)    7(1,7)    8(1,7)    9(1,7)    
10(1,7)    11(1,7)    12(0,-1)    13(0,-1)    14(0,-1)    15(0,-1)    16(0,-1)    17(0,-1)    18(0,-1)    19(0,-1)    
20(0,-1)    21(0,-1)    22(0,-1)    23(0,-1)    24(0,-1)    25(0,-1)    26(0,-1)    27(0,-1)    28(0,-1)    29(0,-1)    
30(1,3)    31(1,3)    32(1,3)    33(1,3)    34(1,3)    35(1,3)    36(1,3)    37(1,3)    38(1,3)    39(1,3)    
40(1,3)    41(1,3)    42(1,3)    43(1,3)    44(1,3)    45(1,3)    46(1,3)    47(1,3)    48(1,3)    49(1,4)    
50(1,4)    51(1,4)    52(1,4)    53(1,4)    54(1,4)    55(1,4)    56(1,4)    57(1,4)    58(1,4)    59(1,4)    
60(1,4)    61(1,4)    62(1,4)    63(1,4)    64(1,4)    65(1,4)    66(1,5)    67(1,5)    68(1,5)    69(1,5)    
70(1,5)    71(1,5)    72(1,5)    73(1,5)    74(1,5)    75(1,5)    76(1,5)    77(1,5)    78(1,5)    79(1,5)    
80(1,5)    81(1,5)    82(1,5)    83(1,6)    84(1,6)    85(1,6)    86(1,6)    87(1,6)    88(1,6)    89(1,6)    
90(1,6)    91(1,6)    92(1,6)    93(1,6)    94(1,6)    95(1,6)    96(1,6)    97(1,6)    98(1,6)    99(1,6)    

作业4运行完成时内存状况
-----------------------------------------------------------------
剩余空间（块）：18
已用空间（块）：82
内存物理块情况（第一个数：0为空闲，1为占用;第二个数：-1表示未分配给任何进程，其他数字表示占有改块的进程ID）:
0(1,7)    1(1,7)    2(1,7)    3(1,7)    4(1,7)    5(1,7)    6(1,7)    7(1,7)    8(1,7)    9(1,7)    
10(1,7)    11(1,7)    12(1,8)    13(1,8)    14(1,8)    15(1,8)    16(1,8)    17(1,8)    18(1,8)    19(1,8)    
20(1,8)    21(1,8)    22(1,8)    23(1,8)    24(1,8)    25(1,8)    26(1,8)    27(1,8)    28(1,8)    29(0,-1)    
30(1,3)    31(1,3)    32(1,3)    33(1,3)    34(1,3)    35(1,3)    36(1,3)    37(1,3)    38(1,3)    39(1,3)    
40(1,3)    41(1,3)    42(1,3)    43(1,3)    44(1,3)    45(1,3)    46(1,3)    47(1,3)    48(1,3)    49(0,-1)    
50(0,-1)    51(0,-1)    52(0,-1)    53(0,-1)    54(0,-1)    55(0,-1)    56(0,-1)    57(0,-1)    58(0,-1)    59(0,-1)    
60(0,-1)    61(0,-1)    62(0,-1)    63(0,-1)    64(0,-1)    65(0,-1)    66(1,5)    67(1,5)    68(1,5)    69(1,5)    
70(1,5)    71(1,5)    72(1,5)    73(1,5)    74(1,5)    75(1,5)    76(1,5)    77(1,5)    78(1,5)    79(1,5)    
80(1,5)    81(1,5)    82(1,5)    83(1,6)    84(1,6)    85(1,6)    86(1,6)    87(1,6)    88(1,6)    89(1,6)    
90(1,6)    91(1,6)    92(1,6)    93(1,6)    94(1,6)    95(1,6)    96(1,6)    97(1,6)    98(1,6)    99(1,6)    

作业5运行完成时内存状况
-----------------------------------------------------------------
剩余空间（块）：21
已用空间（块）：79
内存物理块情况（第一个数：0为空闲，1为占用;第二个数：-1表示未分配给任何进程，其他数字表示占有改块的进程ID）:
0(1,7)    1(1,7)    2(1,7)    3(1,7)    4(1,7)    5(1,7)    6(1,7)    7(1,7)    8(1,7)    9(1,7)    
10(1,7)    11(1,7)    12(1,8)    13(1,8)    14(1,8)    15(1,8)    16(1,8)    17(1,8)    18(1,8)    19(1,8)    
20(1,8)    21(1,8)    22(1,8)    23(1,8)    24(1,8)    25(1,8)    26(1,8)    27(1,8)    28(1,8)    29(1,9)    
30(1,3)    31(1,3)    32(1,3)    33(1,3)    34(1,3)    35(1,3)    36(1,3)    37(1,3)    38(1,3)    39(1,3)    
40(1,3)    41(1,3)    42(1,3)    43(1,3)    44(1,3)    45(1,3)    46(1,3)    47(1,3)    48(1,3)    49(1,9)    
50(1,9)    51(1,9)    52(1,9)    53(1,9)    54(1,9)    55(1,9)    56(1,9)    57(1,9)    58(1,9)    59(1,9)    
60(1,9)    61(1,9)    62(0,-1)    63(0,-1)    64(0,-1)    65(0,-1)    66(0,-1)    67(0,-1)    68(0,-1)    69(0,-1)    
70(0,-1)    71(0,-1)    72(0,-1)    73(0,-1)    74(0,-1)    75(0,-1)    76(0,-1)    77(0,-1)    78(0,-1)    79(0,-1)    
80(0,-1)    81(0,-1)    82(0,-1)    83(1,6)    84(1,6)    85(1,6)    86(1,6)    87(1,6)    88(1,6)    89(1,6)    
90(1,6)    91(1,6)    92(1,6)    93(1,6)    94(1,6)    95(1,6)    96(1,6)    97(1,6)    98(1,6)    99(1,6)    

作业6运行完成时内存状况
-----------------------------------------------------------------
剩余空间（块）：19
已用空间（块）：81
内存物理块情况（第一个数：0为空闲，1为占用;第二个数：-1表示未分配给任何进程，其他数字表示占有改块的进程ID）:
0(1,7)    1(1,7)    2(1,7)    3(1,7)    4(1,7)    5(1,7)    6(1,7)    7(1,7)    8(1,7)    9(1,7)    
10(1,7)    11(1,7)    12(1,8)    13(1,8)    14(1,8)    15(1,8)    16(1,8)    17(1,8)    18(1,8)    19(1,8)    
20(1,8)    21(1,8)    22(1,8)    23(1,8)    24(1,8)    25(1,8)    26(1,8)    27(1,8)    28(1,8)    29(1,9)    
30(1,3)    31(1,3)    32(1,3)    33(1,3)    34(1,3)    35(1,3)    36(1,3)    37(1,3)    38(1,3)    39(1,3)    
40(1,3)    41(1,3)    42(1,3)    43(1,3)    44(1,3)    45(1,3)    46(1,3)    47(1,3)    48(1,3)    49(1,9)    
50(1,9)    51(1,9)    52(1,9)    53(1,9)    54(1,9)    55(1,9)    56(1,9)    57(1,9)    58(1,9)    59(1,9)    
60(1,9)    61(1,9)    62(1,10)    63(1,10)    64(1,10)    65(1,10)    66(1,10)    67(1,10)    68(1,10)    69(1,10)    
70(1,10)    71(1,10)    72(1,10)    73(1,10)    74(1,10)    75(1,10)    76(1,10)    77(1,10)    78(1,10)    79(1,10)    
80(1,10)    81(0,-1)    82(0,-1)    83(0,-1)    84(0,-1)    85(0,-1)    86(0,-1)    87(0,-1)    88(0,-1)    89(0,-1)    
90(0,-1)    91(0,-1)    92(0,-1)    93(0,-1)    94(0,-1)    95(0,-1)    96(0,-1)    97(0,-1)    98(0,-1)    99(0,-1)    

作业3运行完成时内存状况
-----------------------------------------------------------------
剩余空间（块）：38
已用空间（块）：62
内存物理块情况（第一个数：0为空闲，1为占用;第二个数：-1表示未分配给任何进程，其他数字表示占有改块的进程ID）:
0(1,7)    1(1,7)    2(1,7)    3(1,7)    4(1,7)    5(1,7)    6(1,7)    7(1,7)    8(1,7)    9(1,7)    
10(1,7)    11(1,7)    12(1,8)    13(1,8)    14(1,8)    15(1,8)    16(1,8)    17(1,8)    18(1,8)    19(1,8)    
20(1,8)    21(1,8)    22(1,8)    23(1,8)    24(1,8)    25(1,8)    26(1,8)    27(1,8)    28(1,8)    29(1,9)    
30(0,-1)    31(0,-1)    32(0,-1)    33(0,-1)    34(0,-1)    35(0,-1)    36(0,-1)    37(0,-1)    38(0,-1)    39(0,-1)    
40(0,-1)    41(0,-1)    42(0,-1)    43(0,-1)    44(0,-1)    45(0,-1)    46(0,-1)    47(0,-1)    48(0,-1)    49(1,9)    
50(1,9)    51(1,9)    52(1,9)    53(1,9)    54(1,9)    55(1,9)    56(1,9)    57(1,9)    58(1,9)    59(1,9)    
60(1,9)    61(1,9)    62(1,10)    63(1,10)    64(1,10)    65(1,10)    66(1,10)    67(1,10)    68(1,10)    69(1,10)    
70(1,10)    71(1,10)    72(1,10)    73(1,10)    74(1,10)    75(1,10)    76(1,10)    77(1,10)    78(1,10)    79(1,10)    
80(1,10)    81(0,-1)    82(0,-1)    83(0,-1)    84(0,-1)    85(0,-1)    86(0,-1)    87(0,-1)    88(0,-1)    89(0,-1)    
90(0,-1)    91(0,-1)    92(0,-1)    93(0,-1)    94(0,-1)    95(0,-1)    96(0,-1)    97(0,-1)    98(0,-1)    99(0,-1)    

作业7运行完成时内存状况
-----------------------------------------------------------------
剩余空间（块）：50
已用空间（块）：50
内存物理块情况（第一个数：0为空闲，1为占用;第二个数：-1表示未分配给任何进程，其他数字表示占有改块的进程ID）:
0(0,-1)    1(0,-1)    2(0,-1)    3(0,-1)    4(0,-1)    5(0,-1)    6(0,-1)    7(0,-1)    8(0,-1)    9(0,-1)    
10(0,-1)    11(0,-1)    12(1,8)    13(1,8)    14(1,8)    15(1,8)    16(1,8)    17(1,8)    18(1,8)    19(1,8)    
20(1,8)    21(1,8)    22(1,8)    23(1,8)    24(1,8)    25(1,8)    26(1,8)    27(1,8)    28(1,8)    29(1,9)    
30(0,-1)    31(0,-1)    32(0,-1)    33(0,-1)    34(0,-1)    35(0,-1)    36(0,-1)    37(0,-1)    38(0,-1)    39(0,-1)    
40(0,-1)    41(0,-1)    42(0,-1)    43(0,-1)    44(0,-1)    45(0,-1)    46(0,-1)    47(0,-1)    48(0,-1)    49(1,9)    
50(1,9)    51(1,9)    52(1,9)    53(1,9)    54(1,9)    55(1,9)    56(1,9)    57(1,9)    58(1,9)    59(1,9)    
60(1,9)    61(1,9)    62(1,10)    63(1,10)    64(1,10)    65(1,10)    66(1,10)    67(1,10)    68(1,10)    69(1,10)    
70(1,10)    71(1,10)    72(1,10)    73(1,10)    74(1,10)    75(1,10)    76(1,10)    77(1,10)    78(1,10)    79(1,10)    
80(1,10)    81(0,-1)    82(0,-1)    83(0,-1)    84(0,-1)    85(0,-1)    86(0,-1)    87(0,-1)    88(0,-1)    89(0,-1)    
90(0,-1)    91(0,-1)    92(0,-1)    93(0,-1)    94(0,-1)    95(0,-1)    96(0,-1)    97(0,-1)    98(0,-1)    99(0,-1)    

作业9运行完成时内存状况
-----------------------------------------------------------------
剩余空间（块）：64
已用空间（块）：36
内存物理块情况（第一个数：0为空闲，1为占用;第二个数：-1表示未分配给任何进程，其他数字表示占有改块的进程ID）:
0(0,-1)    1(0,-1)    2(0,-1)    3(0,-1)    4(0,-1)    5(0,-1)    6(0,-1)    7(0,-1)    8(0,-1)    9(0,-1)    
10(0,-1)    11(0,-1)    12(1,8)    13(1,8)    14(1,8)    15(1,8)    16(1,8)    17(1,8)    18(1,8)    19(1,8)    
20(1,8)    21(1,8)    22(1,8)    23(1,8)    24(1,8)    25(1,8)    26(1,8)    27(1,8)    28(1,8)    29(0,-1)    
30(0,-1)    31(0,-1)    32(0,-1)    33(0,-1)    34(0,-1)    35(0,-1)    36(0,-1)    37(0,-1)    38(0,-1)    39(0,-1)    
40(0,-1)    41(0,-1)    42(0,-1)    43(0,-1)    44(0,-1)    45(0,-1)    46(0,-1)    47(0,-1)    48(0,-1)    49(0,-1)    
50(0,-1)    51(0,-1)    52(0,-1)    53(0,-1)    54(0,-1)    55(0,-1)    56(0,-1)    57(0,-1)    58(0,-1)    59(0,-1)    
60(0,-1)    61(0,-1)    62(1,10)    63(1,10)    64(1,10)    65(1,10)    66(1,10)    67(1,10)    68(1,10)    69(1,10)    
70(1,10)    71(1,10)    72(1,10)    73(1,10)    74(1,10)    75(1,10)    76(1,10)    77(1,10)    78(1,10)    79(1,10)    
80(1,10)    81(0,-1)    82(0,-1)    83(0,-1)    84(0,-1)    85(0,-1)    86(0,-1)    87(0,-1)    88(0,-1)    89(0,-1)    
90(0,-1)    91(0,-1)    92(0,-1)    93(0,-1)    94(0,-1)    95(0,-1)    96(0,-1)    97(0,-1)    98(0,-1)    99(0,-1)    

作业8运行完成时内存状况
-----------------------------------------------------------------
剩余空间（块）：81
已用空间（块）：19
内存物理块情况（第一个数：0为空闲，1为占用;第二个数：-1表示未分配给任何进程，其他数字表示占有改块的进程ID）:
0(0,-1)    1(0,-1)    2(0,-1)    3(0,-1)    4(0,-1)    5(0,-1)    6(0,-1)    7(0,-1)    8(0,-1)    9(0,-1)    
10(0,-1)    11(0,-1)    12(0,-1)    13(0,-1)    14(0,-1)    15(0,-1)    16(0,-1)    17(0,-1)    18(0,-1)    19(0,-1)    
20(0,-1)    21(0,-1)    22(0,-1)    23(0,-1)    24(0,-1)    25(0,-1)    26(0,-1)    27(0,-1)    28(0,-1)    29(0,-1)    
30(0,-1)    31(0,-1)    32(0,-1)    33(0,-1)    34(0,-1)    35(0,-1)    36(0,-1)    37(0,-1)    38(0,-1)    39(0,-1)    
40(0,-1)    41(0,-1)    42(0,-1)    43(0,-1)    44(0,-1)    45(0,-1)    46(0,-1)    47(0,-1)    48(0,-1)    49(0,-1)    
50(0,-1)    51(0,-1)    52(0,-1)    53(0,-1)    54(0,-1)    55(0,-1)    56(0,-1)    57(0,-1)    58(0,-1)    59(0,-1)    
60(0,-1)    61(0,-1)    62(1,10)    63(1,10)    64(1,10)    65(1,10)    66(1,10)    67(1,10)    68(1,10)    69(1,10)    
70(1,10)    71(1,10)    72(1,10)    73(1,10)    74(1,10)    75(1,10)    76(1,10)    77(1,10)    78(1,10)    79(1,10)    
80(1,10)    81(0,-1)    82(0,-1)    83(0,-1)    84(0,-1)    85(0,-1)    86(0,-1)    87(0,-1)    88(0,-1)    89(0,-1)    
90(0,-1)    91(0,-1)    92(0,-1)    93(0,-1)    94(0,-1)    95(0,-1)    96(0,-1)    97(0,-1)    98(0,-1)    99(0,-1)    

作业10运行完成时内存状况
-----------------------------------------------------------------
剩余空间（块）：100
已用空间（块）：0
内存物理块情况（第一个数：0为空闲，1为占用;第二个数：-1表示未分配给任何进程，其他数字表示占有改块的进程ID）:
0(0,-1)    1(0,-1)    2(0,-1)    3(0,-1)    4(0,-1)    5(0,-1)    6(0,-1)    7(0,-1)    8(0,-1)    9(0,-1)    
10(0,-1)    11(0,-1)    12(0,-1)    13(0,-1)    14(0,-1)    15(0,-1)    16(0,-1)    17(0,-1)    18(0,-1)    19(0,-1)    
20(0,-1)    21(0,-1)    22(0,-1)    23(0,-1)    24(0,-1)    25(0,-1)    26(0,-1)    27(0,-1)    28(0,-1)    29(0,-1)    
30(0,-1)    31(0,-1)    32(0,-1)    33(0,-1)    34(0,-1)    35(0,-1)    36(0,-1)    37(0,-1)    38(0,-1)    39(0,-1)    
40(0,-1)    41(0,-1)    42(0,-1)    43(0,-1)    44(0,-1)    45(0,-1)    46(0,-1)    47(0,-1)    48(0,-1)    49(0,-1)    
50(0,-1)    51(0,-1)    52(0,-1)    53(0,-1)    54(0,-1)    55(0,-1)    56(0,-1)    57(0,-1)    58(0,-1)    59(0,-1)    
60(0,-1)    61(0,-1)    62(0,-1)    63(0,-1)    64(0,-1)    65(0,-1)    66(0,-1)    67(0,-1)    68(0,-1)    69(0,-1)    
70(0,-1)    71(0,-1)    72(0,-1)    73(0,-1)    74(0,-1)    75(0,-1)    76(0,-1)    77(0,-1)    78(0,-1)    79(0,-1)    
80(0,-1)    81(0,-1)    82(0,-1)    83(0,-1)    84(0,-1)    85(0,-1)    86(0,-1)    87(0,-1)    88(0,-1)    89(0,-1)    
90(0,-1)    91(0,-1)    92(0,-1)    93(0,-1)    94(0,-1)    95(0,-1)    96(0,-1)    97(0,-1)    98(0,-1)    99(0,-1)    

