PageId        BlockId          Dwell        Yinyong         Modifi
0             62              1              0              0             
1             63              1              0              0             
2             64              1              0              0             
3             65              1              0              0             
4             66              1              0              0             
5             67              1              0              0             
6             68              1              0              0             
7             69              1              0              0             
8             70              1              0              0             
9             71              1              0              0             
10             72              1              0              0             
11             73              1              0              0             
12             74              1              0              0             
13             75              1              0              0             
14             76              1              0              0             
15             77              1              0              0             
16             78              1              0              0             
17             79              1              0              0             
18             53              1              0              0             
19             40              1              0              0             
20             27              1              0              0             
21             14              1              0              0             
22              1              1              0              0             
23             88              1              0              0