PageId        BlockId          Dwell        Yinyong         Modifi
0             13              1              0              0             
1             14              1              0              0             
2             15              1              0              0             
3             16              1              0              0             
4             17              1              0              0             
5             18              1              0              0             
6             19              1              0              0             
7             20              1              0              0             
8             21              1              0              0             
9             22              1              0              0             
10             23              1              0              0             
11             24              1              0              0             
12             25              1              0              0             
13             26              1              0              0             
14             27              1              0              0             
15             28              1              0              0             
16             79              1              0              0             
17             66              1              0              0             
18             53              1              0              0             
19             40              1              0              0             
20             27              1              0              0             
21             14              1              0              0