PageId        BlockId          Dwell        Yinyong         Modifi
0              0              1              0              0             
1              1              1              0              0             
2              2              1              0              0             
3              3              1              0              0             
4              4              1              0              0             
5              5              1              0              0             
6              6              1              0              0             
7              7              1              0              0             
8              8              1              0              0             
9              9              1              0              0             
10             10              1              0              0             
11             11              1              0              0             
12             31              1              0              0             
13             18              1              0              0             
14              5              1              0              0             
15             92              1              0              0             
16             79              1              0              0             
17             66              1              0              0