PageId        BlockId          Dwell        Yinyong         Modifi
0             12              1              0              0             
1             13              1              0              0             
2             14              1              0              0             
3             15              1              0              0             
4             16              1              0              0             
5             17              1              0              0             
6             18              1              0              0             
7             19              1              0              0             
8             20              1              0              0             
9             21              1              0              0             
10             22              1              0              0             
11             23              1              0              0             
12             24              1              0              0             
13             25              1              0              0             
14             26              1              0              0             
15             27              1              0              0             
16             79              1              0              0             
17             66              1              0              0             
18             53              1              0              0             
19             40              1              0              0             
20             27              1              0              0             
21             14              1              0              0