PageId        BlockId          Dwell        Yinyong         Modifi
0             29              1              0              0             
1             49              1              0              0             
2             50              1              0              0             
3             51              1              0              0             
4             52              1              0              0             
5             53              1              0              0             
6             54              1              0              0             
7             55              1              0              0             
8             56              1              0              0             
9             57              1              0              0             
10             58              1              0              0             
11             59              1              0              0             
12             60              1              0              0             
13             18              1              0              0             
14              5              1              0              0             
15             92              1              0              0             
16             79              1              0              0             
17             66              1              0              0             
18             53              1              0              0