PageId        BlockId          Dwell        Yinyong         Modifi
0             66              1              0              0             
1             67              1              0              0             
2             68              1              0              0             
3             69              1              0              0             
4             70              1              0              0             
5             71              1              0              0             
6             72              1              0              0             
7             73              1              0              0             
8             74              1              0              0             
9             75              1              0              0             
10             76              1              0              0             
11             77              1              0              0             
12             78              1              0              0             
13             79              1              0              0             
14             80              1              0              0             
15             81              1              0              0             
16             79              1              0              0             
17             66              1              0              0             
18             53              1              0              0             
19             40              1              0              0             
20             27              1              0              0             
21             14              1              0              0