PageId        BlockId          Dwell        Yinyong         Modifi
0             83              1              0              0             
1             84              1              0              0             
2             85              1              0              0             
3             86              1              0              0             
4             87              1              0              0             
5             88              1              0              0             
6             89              1              0              0             
7             90              1              0              0             
8             91              1              0              0             
9             92              1              0              0             
10             93              1              0              0             
11             94              1              0              0             
12             95              1              0              0             
13             96              1              0              0             
14             97              1              0              0             
15             98              1              0              0             
16             79              1              0              0             
17             66              1              0              0             
18             53              1              0              0             
19             40              1              0              0             
20             27              1              0              0             
21             14              1              0              0