PageId        BlockId          Dwell        Yinyong         Modifi
0             49              1              0              0             
1             50              1              0              0             
2             51              1              0              0             
3             52              1              0              0             
4             53              1              0              0             
5             54              1              0              0             
6             55              1              0              0             
7             56              1              0              0             
8             57              1              0              0             
9             58              1              0              0             
10             59              1              0              0             
11             60              1              0              0             
12             61              1              0              0             
13             62              1              0              0             
14             63              1              0              0             
15             64              1              0              0             
16             79              1              0              0             
17             66              1              0              0             
18             53              1              0              0             
19             40              1              0              0             
20             27              1              0              0             
21             14              1              0              0